# An estimation of the noise power spectral density from a set of 400
# natural earthquakes recorded at the seismic network of the Andalusian
# Institute of Geophysics and Prevention of Seismic Disasters (IAGPDS)
4.090407036568713406e-02
3.479993966931145266e-01
4.078111312611622519e-01
7.495175462550124346e-02
-2.524311790944165912e-01
1.522338596061050264e-01
4.742729521815009508e-01
1.776087522297286059e-01
-5.595026021969243257e-02
-6.608357894708351277e-02
1.297824957410839697e-01
8.084072375550842293e-02
-1.854400940015372978e-02
8.099801763249871167e-02
1.773156333784700056e-01
2.388466243087189744e-01
9.919127468302463280e-02
1.631421441291643348e-01
1.919469912520739563e-01
1.536925384972115949e-01
-9.810187553823408735e-02
-2.244910759973845482e-01
-1.314040702733622612e-01
-9.906447668960485786e-02
-1.317359004132303280e-01
-4.560972688473238779e-01
-5.559158752978944351e-01
-5.292712952930828108e-01
-4.531565338904767204e-01
-3.434492165451188406e-01
-8.405493258959169101e-01
-7.290374451948846701e-01
-3.932392332524946021e-01
-6.198342330894764940e-01
-5.701403761221275346e-01
-3.273270387033303530e-01
-3.428993741181994848e-01
-5.314094145059506946e-01
-5.723489963091340504e-01
-5.918594343909387989e-01
-7.380525672019201400e-01
-5.611035686672664058e-01
-7.201889345481566895e-01
-9.277825855304994151e-01
-7.939657855293084099e-01
-7.756984490206263461e-01
-9.755606301955203064e-01
-1.118333004955533783e+00
-1.106150131442665607e+00
-1.343661335255478928e+00
-1.345712328240564082e+00
-1.311620776719975234e+00
-1.530843824061939307e+00
-1.234781844582945709e+00
-1.263031154955508217e+00
-1.330508175294634610e+00
-1.606497195741908302e+00
-1.684102805938131775e+00
-1.479147311424426459e+00
-1.942676959070613663e+00
-2.124811019008375990e+00
-2.218611401761117374e+00
-1.979493967722805614e+00
-1.844114461284700024e+00
-2.297429423469378396e+00
-2.070679468727182559e+00
-1.808855153307814989e+00
-1.617480884465185786e+00
-2.065713816454921581e+00
-2.165777288160638303e+00
-2.014844971677869800e+00
-2.468363290186715631e+00
-2.329172029180347714e+00
-2.536699506697057682e+00
-2.900145700837793772e+00
-3.000761077177390490e+00
-3.003926704526700853e+00
-2.967686577811999182e+00
-3.555853574514811211e+00
-3.350561464308168702e+00
-3.080098947960907996e+00
-3.241851718158466955e+00
-3.324638438876981184e+00
-3.498414961800715872e+00
-3.487085099713795877e+00
-3.482318308727883505e+00
-4.014685774147263686e+00
-4.357810120798338183e+00
-3.810144297456825146e+00
-3.820786060955678742e+00
-4.315993915162386507e+00
-4.357158216644362980e+00
-4.319361311166335149e+00
-4.224763804371486131e+00
-4.667227849817102481e+00
-4.560173230608685735e+00
-4.705958684842366679e+00
-5.147131236514732144e+00
-4.970470402255944720e+00
-5.505281669274504353e+00
-5.736757218802678970e+00
-5.560951738729729144e+00
-5.590252882776479915e+00
-5.626921993394059740e+00
-6.157371411332505318e+00
-6.155993390391152786e+00
-6.081701940151088337e+00
-6.136663929332986989e+00
-6.545423475981708705e+00
-7.046949018806622611e+00
-6.937228881804601954e+00
-6.968745081335311120e+00
-7.128607759753396778e+00
-7.283513412822808064e+00
-7.195389882577446272e+00
-7.000375768636153850e+00
-7.350341722655597820e+00
-7.471600456190075512e+00
-7.416952658418447974e+00
-7.237076742730788048e+00
-7.609840727797599236e+00
-8.189488394631064594e+00
-8.317544021948226174e+00
-8.497095738548111399e+00
-9.093440456354976220e+00
-9.386528528458512710e+00
-9.030110700733022355e+00
-9.215443821944971248e+00
-9.295452344075265216e+00
-9.400681964225963583e+00
-1.004844744056584105e+01
-9.929468875847131670e+00
-9.889304296727429389e+00
-9.539485338966542827e+00
-9.971442765501830507e+00
-1.032494250014997128e+01
-9.712949825654344949e+00
-1.004489478728901020e+01
-1.049070125856685287e+01
-1.059227038049863445e+01
-1.005337955403645722e+01
-1.006412064943667950e+01
-1.067912882516853657e+01
-1.038271154671688201e+01
-1.041190658431353988e+01
-1.023241982354865698e+01
-1.073373393866027037e+01
-1.090815642917809569e+01
-1.049617452986112909e+01
-1.061050360589684161e+01
-1.046889306180039192e+01
-1.066915139397990409e+01
-1.083091341935757512e+01
-1.089560278748675870e+01
-1.062219939577442851e+01
-1.064248014115238128e+01
-1.131725245926665835e+01
-1.086826888723182805e+01
-1.094559403167594525e+01
-1.081698598335005101e+01
-1.106817317315165106e+01
-1.126639011298800064e+01
-1.044624515692957445e+01
-1.043411302644595828e+01
-1.018965846401878750e+01
-1.006156337698867276e+01
-9.695537231741466755e+00
-9.598953956545420496e+00
-9.912217069757952359e+00
-9.114195331896356223e+00
-9.337428084088557512e+00
-8.952322027627952039e+00
-8.684972659641184478e+00
-8.952509131535343556e+00
-8.843938349190093362e+00
-8.389704089082316685e+00
-7.904996871567803396e+00
-8.202221628602003989e+00
-7.672612261848525961e+00
-7.507433865259281802e+00
-7.205309263433893108e+00
-6.797162033782584878e+00
-7.063434739745989788e+00
-6.111534793848998781e+00
-6.308204215892761368e+00
-5.431104232069947635e+00
-4.517061559098610068e+00
-4.762944972144272704e+00
-4.473353551811116269e+00
-4.097770696087801312e+00
-3.204392251765722843e+00
-3.674003122096170859e+00
-3.368838836416621074e+00
-2.007471674932266303e+00
-1.656867093551102288e+00
-6.676696188100581519e-01
-5.442641153880916072e-01
3.503261938079322291e-01
9.475879820374991658e-01
1.176596734437425518e+00
1.342605848209341257e+00
1.657196059512803465e+00
3.583191266558376054e+00
3.939157334819126444e+00
3.738084565540711335e+00
4.474292796797413985e+00
5.653130436556113025e+00
6.525590009432069571e+00
5.773556702813960051e+00
6.741090756361038494e+00
8.169206328693427110e+00
9.795387278148998789e+00
1.013551017708401325e+01
1.043362649665164099e+01
1.171856495708528101e+01
1.231071405093329396e+01
1.415074672819758028e+01
1.459537417226824729e+01
1.481203458882865576e+01
1.692126338831790022e+01
1.785273774403968261e+01
1.829886914538885989e+01
1.787697800568086137e+01
2.057887443033671460e+01
2.284452326740144912e+01
2.235433411055109332e+01
2.246981542699852596e+01
2.461691532910031199e+01
2.732542485899787721e+01
2.642393601566356409e+01
2.694731975278043379e+01
2.933166325533257890e+01
3.070764904041001486e+01
3.114154607403061803e+01
3.183308745235731863e+01
3.486049911137248358e+01
3.372055489723861399e+01
3.850148024150426807e+01
3.780055398001863409e+01
3.769955569767638082e+01
3.914900185311565650e+01
3.885289122633790271e+01
4.690104675855128846e+01
3.939586548223199003e+01
4.309307414082574184e+01
4.640804124928011731e+01
4.759360128890045871e+01
4.700172200326356631e+01
3.092253560829137982e+01
8.828583700371913778e+01
8.828583700371913778e+01
3.092253560829137982e+01
4.700172200326356631e+01
4.759360128890045871e+01
4.640804124928011731e+01
4.309307414082574184e+01
3.939586548223199003e+01
4.690104675855128846e+01
3.885289122633790271e+01
3.914900185311565650e+01
3.769955569767638082e+01
3.780055398001863409e+01
3.850148024150426807e+01
3.372055489723861399e+01
3.486049911137248358e+01
3.183308745235731863e+01
3.114154607403061803e+01
3.070764904041001486e+01
2.933166325533257890e+01
2.694731975278043379e+01
2.642393601566356409e+01
2.732542485899787721e+01
2.461691532910031199e+01
2.246981542699852596e+01
2.235433411055109332e+01
2.284452326740144912e+01
2.057887443033671460e+01
1.787697800568086137e+01
1.829886914538885989e+01
1.785273774403968261e+01
1.692126338831790022e+01
1.481203458882865576e+01
1.459537417226824729e+01
1.415074672819758028e+01
1.231071405093329396e+01
1.171856495708528101e+01
1.043362649665164099e+01
1.013551017708401325e+01
9.795387278148998789e+00
8.169206328693427110e+00
6.741090756361038494e+00
5.773556702813960051e+00
6.525590009432069571e+00
5.653130436556113025e+00
4.474292796797413985e+00
3.738084565540711335e+00
3.939157334819126444e+00
3.583191266558376054e+00
1.657196059512803465e+00
1.342605848209341257e+00
1.176596734437425518e+00
9.475879820374991658e-01
3.503261938079322291e-01
-5.442641153880916072e-01
-6.676696188100581519e-01
-1.656867093551102288e+00
-2.007471674932266303e+00
-3.368838836416621074e+00
-3.674003122096170859e+00
-3.204392251765722843e+00
-4.097770696087801312e+00
-4.473353551811116269e+00
-4.762944972144272704e+00
-4.517061559098610068e+00
-5.431104232069947635e+00
-6.308204215892761368e+00
-6.111534793848998781e+00
-7.063434739745989788e+00
-6.797162033782584878e+00
-7.205309263433893108e+00
-7.507433865259281802e+00
-7.672612261848525961e+00
-8.202221628602003989e+00
-7.904996871567803396e+00
-8.389704089082316685e+00
-8.843938349190093362e+00
-8.952509131535343556e+00
-8.684972659641184478e+00
-8.952322027627952039e+00
-9.337428084088557512e+00
-9.114195331896356223e+00
-9.912217069757952359e+00
-9.598953956545420496e+00
-9.695537231741466755e+00
-1.006156337698867276e+01
-1.018965846401878750e+01
-1.043411302644595828e+01
-1.044624515692957445e+01
-1.126639011298800064e+01
-1.106817317315165106e+01
-1.081698598335005101e+01
-1.094559403167594525e+01
-1.086826888723182805e+01
-1.131725245926665835e+01
-1.064248014115238128e+01
-1.062219939577442851e+01
-1.089560278748675870e+01
-1.083091341935757512e+01
-1.066915139397990409e+01
-1.046889306180039192e+01
-1.061050360589684161e+01
-1.049617452986112909e+01
-1.090815642917809569e+01
-1.073373393866027037e+01
-1.023241982354865698e+01
-1.041190658431353988e+01
-1.038271154671688201e+01
-1.067912882516853657e+01
-1.006412064943667950e+01
-1.005337955403645722e+01
-1.059227038049863445e+01
-1.049070125856685287e+01
-1.004489478728901020e+01
-9.712949825654344949e+00
-1.032494250014997128e+01
-9.971442765501830507e+00
-9.539485338966542827e+00
-9.889304296727429389e+00
-9.929468875847131670e+00
-1.004844744056584105e+01
-9.400681964225963583e+00
-9.295452344075265216e+00
-9.215443821944971248e+00
-9.030110700733022355e+00
-9.386528528458512710e+00
-9.093440456354976220e+00
-8.497095738548111399e+00
-8.317544021948226174e+00
-8.189488394631064594e+00
-7.609840727797599236e+00
-7.237076742730788048e+00
-7.416952658418447974e+00
-7.471600456190075512e+00
-7.350341722655597820e+00
-7.000375768636153850e+00
-7.195389882577446272e+00
-7.283513412822808064e+00
-7.128607759753396778e+00
-6.968745081335311120e+00
-6.937228881804601954e+00
-7.046949018806622611e+00
-6.545423475981708705e+00
-6.136663929332986989e+00
-6.081701940151088337e+00
-6.155993390391152786e+00
-6.157371411332505318e+00
-5.626921993394059740e+00
-5.590252882776479915e+00
-5.560951738729729144e+00
-5.736757218802678970e+00
-5.505281669274504353e+00
-4.970470402255944720e+00
-5.147131236514732144e+00
-4.705958684842366679e+00
-4.560173230608685735e+00
-4.667227849817102481e+00
-4.224763804371486131e+00
-4.319361311166335149e+00
-4.357158216644362980e+00
-4.315993915162386507e+00
-3.820786060955678742e+00
-3.810144297456825146e+00
-4.357810120798338183e+00
-4.014685774147263686e+00
-3.482318308727883505e+00
-3.487085099713795877e+00
-3.498414961800715872e+00
-3.324638438876981184e+00
-3.241851718158466955e+00
-3.080098947960907996e+00
-3.350561464308168702e+00
-3.555853574514811211e+00
-2.967686577811999182e+00
-3.003926704526700853e+00
-3.000761077177390490e+00
-2.900145700837793772e+00
-2.536699506697057682e+00
-2.329172029180347714e+00
-2.468363290186715631e+00
-2.014844971677869800e+00
-2.165777288160638303e+00
-2.065713816454921581e+00
-1.617480884465185786e+00
-1.808855153307814989e+00
-2.070679468727182559e+00
-2.297429423469378396e+00
-1.844114461284700024e+00
-1.979493967722805614e+00
-2.218611401761117374e+00
-2.124811019008375990e+00
-1.942676959070613663e+00
-1.479147311424426459e+00
-1.684102805938131775e+00
-1.606497195741908302e+00
-1.330508175294634610e+00
-1.263031154955508217e+00
-1.234781844582945709e+00
-1.530843824061939307e+00
-1.311620776719975234e+00
-1.345712328240564082e+00
-1.343661335255478928e+00
-1.106150131442665607e+00
-1.118333004955533783e+00
-9.755606301955203064e-01
-7.756984490206263461e-01
-7.939657855293084099e-01
-9.277825855304994151e-01
-7.201889345481566895e-01
-5.611035686672664058e-01
-7.380525672019201400e-01
-5.918594343909387989e-01
-5.723489963091340504e-01
-5.314094145059506946e-01
-3.428993741181994848e-01
-3.273270387033303530e-01
-5.701403761221275346e-01
-6.198342330894764940e-01
-3.932392332524946021e-01
-7.290374451948846701e-01
-8.405493258959169101e-01
-3.434492165451188406e-01
-4.531565338904767204e-01
-5.292712952930828108e-01
-5.559158752978944351e-01
-4.560972688473238779e-01
-1.317359004132303280e-01
-9.906447668960485786e-02
-1.314040702733622612e-01
-2.244910759973845482e-01
-9.810187553823408735e-02
1.536925384972115949e-01
1.919469912520739563e-01
1.631421441291643348e-01
9.919127468302463280e-02
2.388466243087189744e-01
1.773156333784700056e-01
8.099801763249871167e-02
-1.854400940015372978e-02
8.084072375550842293e-02
1.297824957410839697e-01
-6.608357894708351277e-02
-5.595026021969243257e-02
1.776087522297286059e-01
4.742729521815009508e-01
1.522338596061050264e-01
-2.524311790944165912e-01
7.495175462550124346e-02
4.078111312611622519e-01
3.479993966931145266e-01
4.090407036568713406e-02
